
time,npos,epos,alt,phi,theta,psi,vel,alpha,beta,p,q,r,nx,ny,nz,mach,qbar,ps,

 0.00000, 0.00000, 0.00000,10000.00000, 0.00000, 1.12877, 0.00000,700.00000, 1.12877, 0.00000, 0.00000, 0.00000, 6.00000, 0.01972, 0.00381, 1.00074, 0.65010,430.66005,1454.59743,2953.05847,-1.66103,-0.01783,-0.48325,
 0.10000,69.99998, 0.00459,10000.00015, 0.04732, 1.12870, 0.58667,699.99914, 1.12894,-0.57505, 1.03025, 0.00333, 5.60346, 0.01972, 0.07519, 1.00079, 0.65010,430.65899,1454.59742,2953.05847,-1.66103,-0.01783,-0.48325,
 0.20000,139.99968, 0.03334,10000.00062, 0.27424, 1.12851, 1.09787,699.99411, 1.13297,-1.05339, 3.46087, 0.01930, 4.51877, 0.01982, 0.13252, 1.00254, 0.65010,430.65279,1454.59739,2953.05847,-1.66103,-0.01783,-0.48325,
 0.30000,209.99856, 0.10584,10000.00183, 0.77340, 1.12839, 1.47438,699.98337, 1.14553,-1.37744, 6.38920, 0.04106, 2.94904, 0.02011, 0.16925, 1.00782, 0.65009,430.63957,1454.59732,2953.05847,-1.66103,-0.01783,-0.48325,
 0.40000,279.99605, 0.23664,10000.00492, 1.55494, 1.12919, 1.68012,699.96838, 1.16699,-1.51531, 9.06602, 0.04887, 1.14739, 0.02059, 0.18209, 1.01640, 0.65007,430.62108,1454.59715,2953.05847,-1.66103,-0.01783,-0.48325,
 0.50000,349.99180, 0.43434,10000.01164, 2.56394, 1.13257, 1.70523,699.95244, 1.19170,-1.46311,10.93390, 0.02543,-0.62125, 0.02112, 0.17128, 1.02562, 0.65006,430.60138,1454.59677,2953.05847,-1.66103,-0.01783,-0.48325,
 0.60000,419.98582, 0.70135,10000.02383, 3.70088, 1.14038, 1.56535,699.93896, 1.21057,-1.24340,11.65269,-0.03189,-2.11719, 0.02151, 0.14025, 1.03179, 0.65005,430.58462,1454.59608,2953.05847,-1.66103,-0.01783,-0.48325,
 0.70000,489.97843, 1.03442,10000.04261, 4.84406, 1.15361, 1.29743,699.92982, 1.21582,-0.90019,11.11047,-0.10872,-3.15728, 0.02158, 0.09493, 1.03209, 0.65004,430.57313,1454.59502,2953.05847,-1.66103,-0.01783,-0.48325,
 0.80000,559.97003, 1.42570,10000.06791, 5.87191, 1.17138, 0.95294,699.92489, 1.20482,-0.49096, 9.41277,-0.18110,-3.63644, 0.02131, 0.04278, 1.02599, 0.65003,430.56672,1454.59359,2953.05847,-1.66103,-0.01783,-0.48325,
 0.90000,629.96100, 1.86434,10000.09843, 6.68297, 1.19064, 0.58947,699.92243, 1.18109,-0.07737, 6.84387,-0.22755,-3.53598, 0.02077,-0.00847, 1.01539, 0.65003,430.56328,1454.59186,2953.05847,-1.66103,-0.01783,-0.48325,
 1.00000,699.95153, 2.33837,10000.13205, 7.21051, 1.20681, 0.26230,699.92029, 1.15215, 0.28388, 3.80087,-0.23877,-2.92069, 0.02014,-0.05188, 1.00353, 0.65003,430.56020,1454.58996,2953.05847,-1.66103,-0.01783,-0.48325,
 1.10000,769.94163, 2.83656,10000.16644, 7.42984, 1.21511, 0.01664,699.91707, 1.12575, 0.54863, 0.71910,-0.22002,-1.92125, 0.01958,-0.08227, 0.99343, 0.65003,430.55577,1454.58802,2953.05847,-1.66103,-0.01783,-0.48325,
 1.20000,839.93123, 3.35015,10000.19957, 7.35870, 1.21201,-0.11722,699.91261, 1.10666, 0.68966,-1.99354,-0.18620,-0.70371, 0.01918,-0.09670, 0.98665, 0.65002,430.54984,1454.58614,2953.05847,-1.66103,-0.01783,-0.48325,
 1.30000,909.92028, 3.87388,10000.22986, 7.05130, 1.19619,-0.12648,699.90783, 1.09545, 0.69852,-4.01406,-0.15322, 0.55119, 0.01895,-0.09459, 0.98303, 0.65002,430.54355,1454.58443,2953.05847,-1.66103,-0.01783,-0.48325,
 1.40000,979.90883, 4.40656,10000.25609, 6.58800, 1.16885,-0.01597,699.90396, 1.08942, 0.58505,-5.13799,-0.13063, 1.67296, 0.01883,-0.07759, 0.98125, 0.65001,430.53844,1454.58295,2953.05847,-1.66103,-0.01783,-0.48325,
 1.50000,1049.89698, 4.95095,10000.27711, 6.06257, 1.13317, 0.19394,699.90180, 1.08495, 0.37464,-5.29526,-0.11873, 2.52301, 0.01874,-0.04922, 0.97984, 0.65001,430.53549,1454.58176,2953.05847,-1.66103,-0.01783,-0.48325,
 1.60000,1119.88486, 5.51308,10000.29160, 5.56880, 1.09345, 0.47133,699.90127, 1.07973, 0.10353,-4.54897,-0.11078, 3.01061, 0.01863,-0.01423, 0.97801, 0.65001,430.53465,1454.58094,2953.05847,-1.66103,-0.01783,-0.48325,
 1.70000,1189.87253, 6.10128,10000.29803, 5.18816, 1.05409, 0.77791,699.90159, 1.07385,-0.18684,-3.07801,-0.09845, 3.10002, 0.01851, 0.02213, 0.97598, 0.65001,430.53495,1454.58058,2953.05847,-1.66103,-0.01783,-0.48325,
 1.80000,1259.85992, 6.72494,10000.29488, 4.97974, 1.01890, 1.07441,699.90171, 1.06934,-0.45566,-1.14508,-0.07701, 2.80918, 0.01842, 0.05484, 0.97470, 0.65001,430.53514,1454.58076,2953.05847,-1.66103,-0.01783,-0.48325,
 1.90000,1329.84687, 7.39329,10000.28099, 4.97432, 0.99076, 1.32605,699.90090, 1.06869,-0.66820, 0.95002,-0.04790, 2.20938, 0.01842, 0.07975, 0.97512, 0.65001,430.53433,1454.58154,2953.05847,-1.66103,-0.01783,-0.48325,
 2.00000,1399.83315, 8.11422,10000.25581, 5.17275, 0.97150, 1.50713,699.89912, 1.07324,-0.80019, 2.91134,-0.01758, 1.40818, 0.01854, 0.09413, 0.97766, 0.65001,430.53248,1454.58297,2953.05847,-1.66103,-0.01783,-0.48325,
 2.10000,1469.81861, 8.89344,10000.21954, 5.54834, 0.96201, 1.60376,699.89698, 1.08235,-0.84027, 4.48552, 0.00613, 0.53162, 0.01875, 0.09688, 0.98188, 0.65001,430.53033,1454.58502,2953.05847,-1.66103,-0.01783,-0.48325,
 2.20000,1539.80315, 9.73399,10000.17304, 6.05263, 0.96228, 1.61480,699.89537, 1.09364,-0.79042, 5.49134, 0.01808,-0.29424, 0.01900, 0.08857, 0.98672, 0.65001,430.52898,1454.58764,2953.05847,-1.66103,-0.01783,-0.48325,
 2.30000,1609.78682,10.63614,10000.11756, 6.62363, 0.97132, 1.55096,699.89506, 1.10409,-0.66473, 5.83801, 0.01794,-0.96038, 0.01923, 0.07123, 0.99093, 0.65001,430.52935,1454.59078,2953.05847,-1.66103,-0.01783,-0.48325,
 2.40000,1679.76974,11.59768,10000.05443, 7.19523, 0.98718, 1.43234,699.89637, 1.11132,-0.48653, 5.53098, 0.00991,-1.38834, 0.01938, 0.04796, 0.99368, 0.65001,430.53181,1454.59435,2953.05847,-1.66103,-0.01783,-0.48325,
 2.50000,1749.75208,12.61447,9999.98486, 7.70651, 1.00698, 1.28492,699.89908, 1.11450,-0.28440, 4.66455, 0.00019,-1.53858, 0.01944, 0.02241, 0.99475, 0.65001,430.53609,1454.59828,2953.05847,-1.66103,-0.01783,-0.48325,
 2.60000,1819.73400,13.68132,9999.90977, 8.10971, 1.02728, 1.13653,699.90270, 1.11432,-0.08785, 3.40253,-0.00601,-1.41273, 0.01943,-0.00174, 0.99455, 0.65001,430.54155,1454.60253,2953.05847,-1.66103,-0.01783,-0.48325,
 2.70000,1889.71559,14.79281,9999.82986, 8.37578, 1.04452, 1.01283,699.90665, 1.11244, 0.07686, 1.94958,-0.00653,-1.05034, 0.01939,-0.02132, 0.99380, 0.65002,430.54749,1454.60705,2953.05847,-1.66103,-0.01783,-0.48325,
 2.80000,1959.69693,15.94421,9999.74560, 8.49669, 1.05574, 0.93398,699.91061, 1.11052, 0.19008, 0.51834,-0.00250,-0.52137, 0.01935,-0.03407, 0.99315, 0.65002,430.55349,1454.61181,2953.05847,-1.66103,-0.01783,-0.48325,
 2.90000,2029.67805,17.13214,9999.65728, 8.48481, 1.05901, 0.91232,699.91452, 1.10951, 0.24089,-0.69806, 0.00306, 0.08975, 0.01933,-0.03884, 0.99290, 0.65002,430.55950,1454.61680,2953.05847,-1.66103,-0.01783,-0.48325,
 3.00000,2099.65895,18.35501,9999.56508, 8.36955, 1.05373, 0.95162,699.91857, 1.10949, 0.22766,-1.55216, 0.00727, 0.69497, 0.01933,-0.03565, 0.99301, 0.65003,430.56572,1454.62202,2953.05847,-1.66103,-0.01783,-0.48325,
 3.10000,2169.63965,19.61319,9999.46893, 8.19187, 1.04067, 1.04722,699.92295, 1.10993, 0.15748,-1.95799, 0.00884, 1.21425, 0.01934,-0.02559, 0.99326, 0.65003,430.57240,1454.62745,2953.05847,-1.66103,-0.01783,-0.48325,
 3.20000,2239.62012,20.90889,9999.36857, 7.99784, 1.02163, 1.18738,699.92774, 1.11024, 0.04450,-1.89726, 0.00847, 1.58571, 0.01934,-0.01058, 0.99339, 0.65003,430.57965,1454.63313,2953.05847,-1.66103,-0.01783,-0.48325,
 3.30000,2309.60029,22.24576,9999.26349, 7.83197, 0.99911, 1.35542,699.93284, 1.11018,-0.09251,-1.41663, 0.00806, 1.77186, 0.01934, 0.00695, 0.99338, 0.65004,430.58735,1454.63907,2953.05847,-1.66103,-0.01783,-0.48325,
 3.40000,2379.58009,23.62844,9999.15306, 7.73121, 0.97584, 1.53221,699.93804, 1.11005,-0.23299,-0.61671, 0.00940, 1.76187, 0.01933, 0.02441, 0.99336, 0.65004,430.59523,1454.64531,2953.05847,-1.66103,-0.01783,-0.48325,
 3.50000,2449.55937,25.06187,9999.03660, 7.72065, 0.95436, 1.69899,699.94312, 1.11041,-0.35750, 0.36789, 0.01311, 1.57392, 0.01934, 0.03943, 0.99360, 0.65005,430.60305,1454.65189,2953.05847,-1.66103,-0.01783,-0.48325,
 3.60000,2519.53798,26.55076,9998.91356, 7.81111, 0.93674, 1.84000,699.94799, 1.11178,-0.45038, 1.38849, 0.01830, 1.24905, 0.01937, 0.05016, 0.99427, 0.65005,430.61070,1454.65885,2953.05847,-1.66103,-0.01783,-0.48325,
 3.70000,2589.51577,28.09902,9998.78359, 7.99883, 0.92438, 1.94434,699.95275, 1.11427,-0.50157, 2.30366, 0.02315, 0.84352, 0.01942, 0.05550, 0.99539, 0.65006,430.61831,1454.66620,2953.05847,-1.66103,-0.01783,-0.48325,
 3.80000,2659.49262,29.70941,9998.64662, 8.26714, 0.91793, 2.00714,699.95764, 1.11746,-0.50749, 2.99778, 0.02584, 0.41997, 0.01949, 0.05515, 0.99675, 0.65006,430.62617,1454.67394,2953.05847,-1.66103,-0.01783,-0.48325,
 3.90000,2729.46848,31.38337,9998.50279, 8.58979, 0.91724, 2.02962,699.96293, 1.12062,-0.47104, 3.39456, 0.02549, 0.03833, 0.01956, 0.04964, 0.99803, 0.65007,430.63462,1454.68207,2953.05847,-1.66103,-0.01783,-0.48325,
 4.00000,2799.44333,33.12099,9998.35241, 8.93527, 0.92141, 2.01851,699.96883, 1.12294,-0.40065, 3.46426, 0.02246,-0.25209, 0.01961, 0.04013, 0.99892, 0.65007,430.64391,1454.69058,2953.05847,-1.66103,-0.01783,-0.48325,
 4.10000,2869.41720,34.92121,9998.19583, 9.27154, 0.92890, 1.98462,699.97540, 1.12392,-0.30869, 3.22405, 0.01809,-0.41848, 0.01962, 0.02826, 0.99924, 0.65008,430.65411,1454.69943,2953.05847,-1.66103,-0.01783,-0.48325,
 4.20000,2939.39016,36.78218,9998.03340, 9.57040, 0.93776, 1.94102,699.98260, 1.12349,-0.20946, 2.73205, 0.01402,-0.44764, 0.01961, 0.01582, 0.99900, 0.65008,430.66515,1454.70861,2953.05847,-1.66103,-0.01783,-0.48325,
 4.30000,3009.36228,38.70161,9997.86538, 9.81110, 0.94585, 1.90111,699.99028, 1.12196,-0.11704, 2.07602, 0.01145,-0.34618, 0.01957, 0.00457, 0.99836, 0.65009,430.67687,1454.71811,2953.05847,-1.66103,-0.01783,-0.48325,
 4.40000,3079.33360,40.67727,9997.69193, 9.98251, 0.95122, 1.87670,699.99831, 1.11986,-0.04344, 1.35891, 0.01076,-0.13800, 0.01952,-0.00407, 0.99754, 0.65010,430.68909,1454.72792,2953.05847,-1.66103,-0.01783,-0.48325,
 4.50000,3149.30417,42.70734,9997.51311,10.08388, 0.95235, 1.87661,700.00661, 1.11768, 0.00290, 0.68342, 0.01161, 0.14049, 0.01947,-0.00913, 0.99672, 0.65010,430.70171,1454.73803,2953.05847,-1.66103,-0.01783,-0.48325,
 4.60000,3219.27400,44.79075,9997.32885,10.12403, 0.94843, 1.90566,700.01515, 1.11573, 0.01797, 0.13783, 0.01324, 0.44604, 0.01942,-0.01023, 0.99602, 0.65011,430.71470,1454.74845,2953.05847,-1.66103,-0.01783,-0.48325,
 4.70000,3289.24308,46.92734,9997.13895,10.11938, 0.93939, 1.96438,700.02395, 1.11412, 0.00235,-0.21435, 0.01504, 0.73581, 0.01939,-0.00755, 0.99546, 0.65012,430.72810,1454.75918,2953.05847,-1.66103,-0.01783,-0.48325,
 4.80000,3359.21137,49.11788,9996.94307,10.09106, 0.92586, 2.04934,700.03305, 1.11283,-0.03928,-0.34131, 0.01675, 0.97260, 0.01935,-0.00176, 0.99502, 0.65013,430.74193,1454.77026,2953.05847,-1.66103,-0.01783,-0.48325,
 4.90000,3429.17881,51.36402,9996.74080,10.06165, 0.90908, 2.15386,700.04241, 1.11180,-0.09910,-0.24478, 0.01854, 1.12908, 0.01933, 0.00608, 0.99469, 0.65013,430.75619,1454.78170,2953.05847,-1.66103,-0.01783,-0.48325,
 5.00000,3499.14529,53.66803,9996.53161,10.05200, 0.89061, 2.26925,700.05203, 1.11108,-0.16742, 0.04343, 0.02070, 1.19132, 0.01931, 0.01475, 0.99448, 0.65014,430.77084,1454.79352,2953.05847,-1.66103,-0.01783,-0.48325,
 5.10000,3569.11070,56.03257,9996.31496,10.07851, 0.87212, 2.38611,700.06183, 1.11074,-0.23421, 0.46806, 0.02342, 1.15939, 0.01930, 0.02298, 0.99444, 0.65015,430.78583,1454.80577,2953.05847,-1.66103,-0.01783,-0.48325,
 5.20000,3639.07490,58.46037,9996.09036,10.15131, 0.85511, 2.49571,700.07181, 1.11088,-0.29047, 0.95987, 0.02658, 1.04616, 0.01930, 0.02970, 0.99461, 0.65016,430.80114,1454.81847,2953.05847,-1.66103,-0.01783,-0.48325,
 5.30000,3709.03778,60.95395,9995.85741,10.27336, 0.84081, 2.59110,700.08199, 1.11153,-0.32940, 1.44621, 0.02974, 0.87449, 0.01931, 0.03411, 0.99498, 0.65017,430.81680,1454.83164,2953.05847,-1.66103,-0.01783,-0.48325,
 5.40000,3778.99920,63.51536,9995.61581,10.44068, 0.82994, 2.66791,700.09242, 1.11255,-0.34707, 1.86118, 0.03235, 0.67333, 0.01933, 0.03580, 0.99549, 0.65018,430.83290,1454.84530,2953.05847,-1.66103,-0.01783,-0.48325,
 5.50000,3848.95908,66.14609,9995.36545,10.64344, 0.82275, 2.72476,700.10321, 1.11373,-0.34283, 2.15400, 0.03398, 0.47326, 0.01935, 0.03476, 0.99604, 0.65019,430.84956,1454.85946,2953.05847,-1.66103,-0.01783,-0.48325,
 5.60000,3918.91736,68.84695,9995.10629,10.86776, 0.81896, 2.76316,700.11444, 1.11477,-0.31901, 2.29468, 0.03452, 0.30220, 0.01937, 0.03135, 0.99651, 0.65020,430.86688,1454.87411,2953.05847,-1.66103,-0.01783,-0.48325,
 5.70000,3988.87401,71.61813,9994.83842,11.09794, 0.81783, 2.78710,700.12618, 1.11542,-0.28047, 2.27638, 0.03420, 0.18179, 0.01938, 0.02624, 0.99681, 0.65021,430.88494,1454.88926,2953.05847,-1.66103,-0.01783,-0.48325,
 5.80000,4058.82902,74.45930,9994.56196,11.31878, 0.81828, 2.80225,700.13844, 1.11554,-0.23364, 2.11453, 0.03346, 0.12501, 0.01937, 0.02026, 0.99689, 0.65022,430.90376,1454.90489,2953.05847,-1.66103,-0.01783,-0.48325,
 5.90000,4128.78239,77.36981,9994.27704,11.51757, 0.81905, 2.81512,700.15120, 1.11515,-0.18555, 1.84284, 0.03276, 0.13507, 0.01936, 0.01429, 0.99677, 0.65023,430.92331,1454.92100,2953.05847,-1.66103,-0.01783,-0.48325,
 6.00000,4198.73414,80.34886,9993.98375,11.68564, 0.81890, 2.83203,700.16442, 1.11434,-0.14285, 1.50726, 0.03243, 0.20584, 0.01934, 0.00915, 0.99649, 0.65024,430.94354,1454.93759,2953.05847,-1.66103,-0.01783,-0.48325,
 6.10000,4268.68429,83.39576,9993.68214,11.81921, 0.81675, 2.85829,700.17807, 1.11328,-0.11088, 1.15864, 0.03260, 0.32337, 0.01931, 0.00547, 0.99612, 0.65025,430.96442,1454.95464,2953.05847,-1.66103,-0.01783,-0.48325,
 6.20000,4338.63281,86.51007,9993.37218,11.91949, 0.81185, 2.89758,700.19213, 1.11213,-0.09308, 0.84543, 0.03322, 0.46854, 0.01928, 0.00361, 0.99573, 0.65027,430.98590,1454.97217,2953.05847,-1.66103,-0.01783,-0.48325,
 6.30000,4408.57969,89.69172,9993.05375,11.99213, 0.80386, 2.95156,700.20656, 1.11102,-0.09067, 0.60721, 0.03414, 0.62000, 0.01925, 0.00370, 0.99536, 0.65028,431.00796,1454.99018,2953.05847,-1.66103,-0.01783,-0.48325,
 6.40000,4478.52488,92.94111,9992.72663,12.04604, 0.79287, 3.01984,700.22138, 1.11002,-0.10269, 0.47006, 0.03527, 0.75734, 0.01922, 0.00554, 0.99505, 0.65029,431.03062,1455.00867,2953.05847,-1.66103,-0.01783,-0.48325,
 6.50000,4548.46831,96.25910,9992.39056,12.09192, 0.77937, 3.10017,700.23657, 1.10917,-0.12627, 0.44413, 0.03657, 0.86375, 0.01919, 0.00875, 0.99479, 0.65030,431.05385,1455.02768,2953.05847,-1.66103,-0.01783,-0.48325,
 6.60000,4618.40988,99.64692,9992.04516,12.14069, 0.76413, 3.18892,700.25213, 1.10850,-0.15723, 0.52355, 0.03806, 0.92801, 0.01917, 0.01277, 0.99462, 0.65032,431.07767,1455.04721,2953.05847,-1.66103,-0.01783,-0.48325,
 6.70000,4688.34950,103.10607,9991.69007,12.20192, 0.74810, 3.28170,700.26805, 1.10804,-0.19071, 0.68862, 0.03976, 0.94558, 0.01916, 0.01699, 0.99453, 0.65033,431.10207,1455.06729,2953.05847,-1.66103,-0.01783,-0.48325,
 6.80000,4758.28702,106.63819,9991.32490,12.28270, 0.73224, 3.37400,700.28434, 1.10781,-0.22190, 0.90959, 0.04162, 0.91865, 0.01914, 0.02081, 0.99454, 0.65035,431.12706,1455.08794,2953.05847,-1.66103,-0.01783,-0.48325,
 6.90000,4828.22233,110.24491,9990.94927,12.38684, 0.71740, 3.46182,700.30101, 1.10780,-0.24674, 1.15156, 0.04354, 0.85529, 0.01914, 0.02374, 0.99464, 0.65036,431.15265,1455.10918,2953.05847,-1.66103,-0.01783,-0.48325,
 7.00000,4898.15531,113.92771,9990.56289,12.51465, 0.70422, 3.54217,700.31809, 1.10796,-0.26232, 1.37966, 0.04533, 0.76786, 0.01913, 0.02546, 0.99481, 0.65038,431.17889,1455.13103,2953.05847,-1.66103,-0.01783,-0.48325,
 7.10000,4968.08584,117.68784,9990.16552,12.66316, 0.69304, 3.61341,700.33561, 1.10822,-0.26726, 1.56379, 0.04684, 0.67100, 0.01913, 0.02583, 0.99502, 0.65039,431.20583,1455.15351,2953.05847,-1.66103,-0.01783,-0.48325,
 7.20000,5038.01384,121.52622,9989.75700,12.82682, 0.68390, 3.67535,700.35361, 1.10848,-0.26175, 1.68230, 0.04797, 0.57941, 0.01913, 0.02490, 0.99521, 0.65041,431.23351,1455.17661,2953.05847,-1.66103,-0.01783,-0.48325,
 7.30000,5107.93922,125.44347,9989.33722,12.99844, 0.67653, 3.72913,700.37213, 1.10861,-0.24736, 1.72429, 0.04873, 0.50587, 0.01913, 0.02292, 0.99535, 0.65042,431.26199,1455.20035,2953.05847,-1.66103,-0.01783,-0.48325,
 7.40000,5177.86194,129.43991,9988.90614,13.17033, 0.67044, 3.77702,700.39120, 1.10855,-0.22678, 1.69017, 0.04922, 0.45962, 0.01912, 0.02024, 0.99541, 0.65044,431.29129,1455.22473,2953.05847,-1.66103,-0.01783,-0.48325,
 7.50000,5247.78194,133.51565,9988.46372,13.33537, 0.66493, 3.82194,700.41081, 1.10825,-0.20329, 1.59070, 0.04957, 0.44545, 0.01910, 0.01727, 0.99538, 0.65046,431.32142,1455.24975,2953.05847,-1.66103,-0.01783,-0.48325,
 7.60000,5317.69920,137.67065,9988.00995,13.48796, 0.65929, 3.86705,700.43098, 1.10774,-0.18030, 1.44467, 0.04994, 0.46335, 0.01908, 0.01445, 0.99525, 0.65047,431.35238,1455.27541,2953.05847,-1.66103,-0.01783,-0.48325,
 7.70000,5387.61368,141.90485,9987.54478,13.62461, 0.65282, 3.91529,700.45168, 1.10705,-0.16090, 1.27568, 0.05043, 0.50896, 0.01906, 0.01214, 0.99507, 0.65049,431.38417,1455.30172,2953.05847,-1.66103,-0.01783,-0.48325,
 7.80000,5457.52535,146.21827,9987.06814,13.74432, 0.64496, 3.96900,700.47292, 1.10625,-0.14739, 1.10849, 0.05109, 0.57448, 0.01903, 0.01062, 0.99484, 0.65051,431.41676,1455.32868,2953.05847,-1.66103,-0.01783,-0.48325,
 7.90000,5527.43414,150.61107,9986.57991,13.84841, 0.63537, 4.02966,700.49467, 1.10540,-0.14111, 0.96559, 0.05194, 0.65005, 0.01900, 0.01003, 0.99460, 0.65053,431.45014,1455.35629,2953.05847,-1.66103,-0.01783,-0.48325,
 8.00000,5597.34000,155.08360,9986.07991,13.94025, 0.62393, 4.09772,700.51694, 1.10457,-0.14229, 0.86428, 0.05296, 0.72526, 0.01898, 0.01037, 0.99437, 0.65055,431.48433,1455.38457,2953.05847,-1.66103,-0.01783,-0.48325,
 8.10000,5667.24284,159.63645,9985.56792,14.02456, 0.61078, 4.17267,700.53971, 1.10379,-0.15012, 0.81477, 0.05414, 0.79058, 0.01895, 0.01151, 0.99418, 0.65057,431.51930,1455.41353,2953.05847,-1.66103,-0.01783,-0.48325,
 8.20000,5737.14257,164.27042,9985.04367,14.10668, 0.59626, 4.25319,700.56301, 1.10310,-0.16297, 0.81935, 0.05546, 0.83865, 0.01892, 0.01323, 0.99402, 0.65059,431.55508,1455.44318,2953.05847,-1.66103,-0.01783,-0.48325,
 8.30000,5807.03908,168.98645,9984.50686,14.19178, 0.58084, 4.33735,700.58681, 1.10253,-0.17864, 0.87275, 0.05690, 0.86504, 0.01890, 0.01525, 0.99391, 0.65061,431.59166,1455.47355,2953.05847,-1.66103,-0.01783,-0.48325,
 8.40000,5876.93224,173.78564,9983.95717,14.28419, 0.56506, 4.42298,700.61114, 1.10207,-0.19474, 0.96347, 0.05844, 0.86865, 0.01888, 0.01727, 0.99385, 0.65063,431.62907,1455.50464,2953.05847,-1.66103,-0.01783,-0.48325,
 8.50000,5946.82192,178.66908,9983.39430,14.38688, 0.54947, 4.50793,700.63600, 1.10173,-0.20900, 1.07589, 0.06004, 0.85158, 0.01886, 0.01901, 0.99384, 0.65065,431.66730,1455.53648,2953.05847,-1.66103,-0.01783,-0.48325,
 8.60000,6016.70800,183.63787,9982.81794,14.50112, 0.53450, 4.59043,700.66141, 1.10149,-0.21961, 1.19271, 0.06162, 0.81857, 0.01885, 0.02025, 0.99388, 0.65068,431.70640,1455.56908,2953.05847,-1.66103,-0.01783,-0.48325,
 8.70000,6086.59034,188.69301,9982.22784,14.62652, 0.52048, 4.66922,700.68739, 1.10131,-0.22541, 1.29748, 0.06313, 0.77615, 0.01883, 0.02086, 0.99394, 0.65070,431.74639,1455.60246,2953.05847,-1.66103,-0.01783,-0.48325,
 8.80000,6156.46884,193.83535,9981.62377,14.76116, 0.50754, 4.74375,700.71396, 1.10115,-0.22596, 1.37671, 0.06450, 0.73159, 0.01882, 0.02081, 0.99400, 0.65072,431.78730,1455.63663,2953.05847,-1.66103,-0.01783,-0.48325,
 8.90000,6226.34338,199.06562,9981.00556,14.90200, 0.49563, 4.81416,700.74114, 1.10097,-0.22161, 1.42155, 0.06573, 0.69183, 0.01880, 0.02017, 0.99406, 0.65074,431.82915,1455.67160,2953.05847,-1.66103,-0.01783,-0.48325,
 9.00000,6296.21388,204.38436,9980.37305,15.04539, 0.48457, 4.88119,700.76895, 1.10071,-0.21332, 1.42854, 0.06681, 0.66262, 0.01879, 0.01906, 0.99408, 0.65077,431.87198,1455.70738,2953.05847,-1.66103,-0.01783,-0.48325,
 9.10000,6366.08023,209.79202,9979.72613,15.18762, 0.47401, 4.94608,700.79740, 1.10035,-0.20254, 1.39970, 0.06779, 0.64777, 0.01877, 0.01767, 0.99407, 0.65079,431.91580,1455.74398,2953.05847,-1.66103,-0.01783,-0.48325,
 9.20000,6435.94238,215.28891,9979.06467,15.32542, 0.46357, 5.01029,700.82651, 1.09989,-0.19090, 1.34174, 0.06871, 0.64882, 0.01874, 0.01622, 0.99401, 0.65082,431.96061,1455.78140,2953.05847,-1.66103,-0.01783,-0.48325,
 9.30000,6505.80023,220.87534,9978.38858,15.45638, 0.45284, 5.07535,700.85626, 1.09933,-0.18005, 1.26483, 0.06964, 0.66500, 0.01872, 0.01491, 0.99392, 0.65085,432.00644,1455.81965,2953.05847,-1.66103,-0.01783,-0.48325,
 9.40000,6575.65372,226.55158,9977.69771,15.57920, 0.44144, 5.14260,700.88667, 1.09868,-0.17138, 1.18085, 0.07062, 0.69357, 0.01869, 0.01390, 0.99379, 0.65087,432.05327,1455.85873,2953.05847,-1.66103,-0.01783,-0.48325,
 9.50000,6645.50276,232.31797,9976.99194,15.69377, 0.42912, 5.21303,700.91773, 1.09799,-0.16586, 1.10169, 0.07167, 0.73029, 0.01866, 0.01330, 0.99365, 0.65090,432.10111,1455.89866,2953.05847,-1.66103,-0.01783,-0.48325,
 9.60000,6715.34725,238.17493,9976.27109,15.80112, 0.41571, 5.28719,700.94944, 1.09728,-0.16397, 1.03758, 0.07281, 0.77018, 0.01863, 0.01316, 0.99351, 0.65093,432.14996,1455.93944,2953.05847,-1.66103,-0.01783,-0.48325,
 9.70000,6785.18711,244.12298,9975.53495,15.90314, 0.40120, 5.36515,700.98181, 1.09657,-0.16563, 0.99588, 0.07404, 0.80821, 0.01860, 0.01347, 0.99338, 0.65095,432.19983,1455.98109,2953.05847,-1.66103,-0.01783,-0.48325,
 9.80000,6855.02221,250.16274,9974.78329,16.00229, 0.38571, 5.44651,701.01483, 1.09590,-0.17030, 0.98025, 0.07536, 0.84004, 0.01857, 0.01413, 0.99326, 0.65098,432.25072,1456.02362,2953.05847,-1.66103,-0.01783,-0.48325,
 9.90000,6924.85243,256.29492,9974.01585,16.10117, 0.36946, 5.53051,701.04852, 1.09528,-0.17707, 0.99050, 0.07676, 0.86253, 0.01855, 0.01504, 0.99317, 0.65101,432.30264,1456.06704,2953.05847,-1.66103,-0.01783,-0.48325,
10.00000,6994.67764,262.52033,9973.23238,16.20222, 0.35272, 5.61616,701.08287, 1.09472,-0.18482, 1.02293, 0.07824, 0.87406, 0.01852, 0.01603, 0.99310, 0.65104,432.35561,1456.11137,2953.05847,-1.66103,-0.01783,-0.48325,
10.10000,7064.49770,268.83979,9972.43258,16.30734, 0.33581, 5.70239,701.11790, 1.09421,-0.19238, 1.07111, 0.07976, 0.87466, 0.01849, 0.01698, 0.99306, 0.65107,432.40964,1456.15663,2953.05847,-1.66103,-0.01783,-0.48325,
10.20000,7134.31247,275.25416,9971.61620,16.41771, 0.31900, 5.78823,701.15361, 1.09376,-0.19872, 1.12700, 0.08130, 0.86583, 0.01847, 0.01775, 0.99304, 0.65110,432.46475,1456.20282,2953.05847,-1.66103,-0.01783,-0.48325,
10.30000,7204.12179,281.76423,9970.78296,16.53367, 0.30252, 5.87288,701.19004, 1.09334,-0.20303, 1.18215, 0.08284, 0.85025, 0.01844, 0.01825, 0.99305, 0.65114,432.52096,1456.24997,2953.05847,-1.66103,-0.01783,-0.48325,
10.40000,7273.92555,288.37080,9969.93264,16.65474, 0.28652, 5.95586,701.22717, 1.09294,-0.20489, 1.22893, 0.08433, 0.83127, 0.01842, 0.01843, 0.99306, 0.65117,432.57829,1456.29809,2953.05847,-1.66103,-0.01783,-0.48325,
10.50000,7343.72359,295.07453,9969.06501,16.77980, 0.27103, 6.03700,701.26505, 1.09255,-0.20421, 1.26148, 0.08578, 0.81246, 0.01839, 0.01830, 0.99307, 0.65120,432.63676,1456.34719,2953.05847,-1.66103,-0.01783,-0.48325,
10.60000,7413.51579,301.87607,9968.17987,16.90721, 0.25600, 6.11649,701.30366, 1.09212,-0.20127, 1.27636, 0.08716, 0.79705, 0.01837, 0.01789, 0.99307, 0.65124,432.69640,1456.39728,2953.05847,-1.66103,-0.01783,-0.48325,
10.70000,7483.30203,308.77596,9967.27704,17.03516, 0.24129, 6.19478,701.34304, 1.09166,-0.19663, 1.27285, 0.08849, 0.78754, 0.01834, 0.01729, 0.99306, 0.65127,432.75722,1456.44837,2953.05847,-1.66103,-0.01783,-0.48325,
10.80000,7553.08219,315.77468,9966.35635,17.16188, 0.22671, 6.27252,701.38318, 1.09114,-0.19105, 1.25276, 0.08978, 0.78544, 0.01831, 0.01658, 0.99303, 0.65130,432.81923,1456.50048,2953.05847,-1.66103,-0.01783,-0.48325,
10.90000,7622.85615,322.87270,9965.41765,17.28591, 0.21202, 6.35042,701.42410, 1.09057,-0.18534, 1.22007, 0.09106, 0.79108, 0.01828, 0.01588, 0.99299, 0.65134,432.88245,1456.55360,2953.05847,-1.66103,-0.01783,-0.48325,
11.00000,7692.62380,330.07044,9964.46076,17.40623, 0.19702, 6.42922,701.46580, 1.08996,-0.18028, 1.18012, 0.09234, 0.80374, 0.01825, 0.01528, 0.99292, 0.65138,432.94689,1456.60776,2953.05847,-1.66103,-0.01783,-0.48325,
11.10000,7762.38503,337.36834,9963.48551,17.52243, 0.18150, 6.50951,701.50829, 1.08930,-0.17646, 1.13880, 0.09364, 0.82178, 0.01822, 0.01485, 0.99284, 0.65141,433.01255,1456.66296,2953.05847,-1.66103,-0.01783,-0.48325,
11.20000,7832.13970,344.76689,9962.49171,17.63465, 0.16536, 6.59169,701.55156, 1.08863,-0.17430, 1.10173, 0.09499, 0.84295, 0.01818, 0.01463, 0.99276, 0.65145,433.07944,1456.71921,2953.05847,-1.66103,-0.01783,-0.48325,
11.30000,7901.88769,352.26660,9961.47916,17.74355, 0.14853, 6.67595,701.59562, 1.08794,-0.17392, 1.07345, 0.09638, 0.86479, 0.01815, 0.01464, 0.99268, 0.65149,433.14757,1456.77652,2953.05847,-1.66103,-0.01783,-0.48325,
11.40000,7971.62886,359.86803,9960.44764,17.85018, 0.13103, 6.76224,701.64049, 1.08726,-0.17521, 1.05695, 0.09782, 0.88491, 0.01811, 0.01485, 0.99260, 0.65153,433.21695,1456.83491,2953.05847,-1.66103,-0.01783,-0.48325,
11.50000,8041.36307,367.57179,9959.39691,17.95577, 0.11294, 6.85030,701.68615, 1.08660,-0.17782, 1.05335, 0.09932, 0.90137, 0.01808, 0.01522, 0.99254, 0.65157,433.28760,1456.89439,2953.05847,-1.66103,-0.01783,-0.48325,
11.60000,8111.09017,375.37855,9958.32673,18.06160, 0.09440, 6.93970,701.73263, 1.08596,-0.18127, 1.06192, 0.10086, 0.91290, 0.01805, 0.01568, 0.99249, 0.65161,433.35951,1456.95497,2953.05847,-1.66103,-0.01783,-0.48325,
11.70000,8180.81000,383.28900,9957.23684,18.16878, 0.07557, 7.02996,701.77993, 1.08535,-0.18499, 1.08031, 0.10245, 0.91899, 0.01801, 0.01617, 0.99245, 0.65165,433.43272,1457.01667,2953.05847,-1.66103,-0.01783,-0.48325,
11.80000,8250.52239,391.30382,9956.12699,18.27812, 0.05661, 7.12056,701.82806, 1.08477,-0.18843, 1.10504, 0.10406, 0.91991, 0.01798, 0.01660, 0.99243, 0.65169,433.50722,1457.07950,2953.05847,-1.66103,-0.01783,-0.48325,
11.90000,8320.22718,399.42373,9954.99692,18.39004, 0.03767, 7.21105,701.87703, 1.08421,-0.19112, 1.13205, 0.10569, 0.91664, 0.01794, 0.01693, 0.99242, 0.65174,433.58305,1457.14348,2953.05847,-1.66103,-0.01783,-0.48325,
12.00000,8389.92421,407.64940,9953.84640,18.50458, 0.01886, 7.30111,701.92685, 1.08366,-0.19272, 1.15728, 0.10731, 0.91063, 0.01791, 0.01711, 0.99242, 0.65178,433.66022,1457.20861,2953.05847,-1.66103,-0.01783,-0.48325,
12.10000,8459.61331,415.98148,9952.67518,18.62138, 0.00023, 7.39054,701.97753, 1.08311,-0.19309, 1.17728, 0.10892, 0.90358, 0.01788, 0.01714, 0.99242, 0.65182,433.73875,1457.27492,2953.05847,-1.66103,-0.01783,-0.48325,
12.20000,8529.29433,424.42060,9951.48305,18.73978,-0.01821, 7.47934,702.02909, 1.08256,-0.19225, 1.18959, 0.11051, 0.89721, 0.01784, 0.01702, 0.99242, 0.65187,433.81865,1457.34242,2953.05847,-1.66103,-0.01783,-0.48325,
12.30000,8598.96711,432.96732,9950.26979,18.85895,-0.03651, 7.56764,702.08154, 1.08198,-0.19040, 1.19299, 0.11208, 0.89298, 0.01781, 0.01678, 0.99242, 0.65191,433.89995,1457.41112,2953.05847,-1.66103,-0.01783,-0.48325,
12.40000,8668.63150,441.62220,9949.03521,18.97797,-0.05476, 7.65570,702.13488, 1.08139,-0.18785, 1.18760, 0.11364, 0.89197, 0.01777, 0.01646, 0.99241, 0.65196,433.98265,1457.48103,2953.05847,-1.66103,-0.01783,-0.48325,
12.50000,8738.28733,450.38575,9947.77910,19.09605,-0.07308, 7.74385,702.18913, 1.08076,-0.18498, 1.17474, 0.11518, 0.89469, 0.01773, 0.01610, 0.99239, 0.65201,434.06677,1457.55216,2953.05847,-1.66103,-0.01783,-0.48325,
12.60000,8807.93446,459.25847,9946.50127,19.21252,-0.09158, 7.83244,702.24428, 1.08011,-0.18219, 1.15662, 0.11672, 0.90111, 0.01769, 0.01577, 0.99237, 0.65206,434.15232,1457.62452,2953.05847,-1.66103,-0.01783,-0.48325,
12.70000,8877.57273,468.24088,9945.20152,19.32700,-0.11037, 7.92181,702.30036, 1.07943,-0.17984, 1.13601, 0.11827, 0.91071, 0.01765, 0.01550, 0.99233, 0.65210,434.23932,1457.69813,2953.05847,-1.66103,-0.01783,-0.48325,
12.80000,8947.20199,477.33346,9943.87965,19.43939,-0.12956, 8.01222,702.35736, 1.07874,-0.17818, 1.11579, 0.11984, 0.92255, 0.01761, 0.01532, 0.99230, 0.65215,434.32778,1457.77299,2953.05847,-1.66103,-0.01783,-0.48325,
12.90000,9016.82207,486.53675,9942.53545,19.54985,-0.14919, 8.10382,702.41529, 1.07803,-0.17737, 1.09854, 0.12143, 0.93548, 0.01757, 0.01526, 0.99226, 0.65220,434.41770,1457.84912,2953.05847,-1.66103,-0.01783,-0.48325,
13.00000,9086.43281,495.85130,9941.16869,19.65878,-0.16928, 8.19665,702.47415, 1.07732,-0.17742, 1.08622, 0.12305, 0.94827, 0.01753, 0.01530, 0.99223, 0.65226,434.50910,1457.92653,2953.05847,-1.66103,-0.01783,-0.48325,
13.10000,9156.03404,505.27766,9939.77915,19.76674,-0.18980, 8.29066,702.53397, 1.07662,-0.17823, 1.07997, 0.12471, 0.95984, 0.01749, 0.01543, 0.99220, 0.65231,434.60199,1458.00523,2953.05847,-1.66103,-0.01783,-0.48325,
13.20000,9225.62556,514.81643,9938.36659,19.87436,-0.21071, 8.38568,702.59473, 1.07592,-0.17960, 1.07999, 0.12639, 0.96934, 0.01745, 0.01563, 0.99218, 0.65236,434.69638,1458.08524,2953.05847,-1.66103,-0.01783,-0.48325,
13.30000,9295.20722,524.46823,9936.93077,19.98223,-0.23191, 8.48149,702.65645, 1.07523,-0.18129, 1.08559, 0.12811, 0.97628, 0.01740, 0.01586, 0.99216, 0.65241,434.79230,1458.16658,2953.05847,-1.66103,-0.01783,-0.48325,
13.40000,9364.77880,534.23366,9935.47144,20.09084,-0.25332, 8.57786,702.71914, 1.07455,-0.18300, 1.09541, 0.12985, 0.98057, 0.01736, 0.01608, 0.99216, 0.65247,434.88974,1458.24924,2953.05847,-1.66103,-0.01783,-0.48325,
13.50000,9434.34014,544.11336,9933.98836,20.20053,-0.27486, 8.67452,702.78281, 1.07388,-0.18448, 1.10759, 0.13161, 0.98247, 0.01732, 0.01628, 0.99216, 0.65252,434.98874,1458.33326,2953.05847,-1.66103,-0.01783,-0.48325,
13.60000,9503.89103,554.10793,9932.48129,20.31144,-0.29645, 8.77130,702.84747, 1.07322,-0.18553, 1.12011, 0.13338, 0.98255, 0.01728, 0.01641, 0.99217, 0.65258,435.08930,1458.41864,2953.05847,-1.66103,-0.01783,-0.48325,
13.70000,9573.43128,564.21800,9930.94998,20.42350,-0.31804, 8.86804,702.91313, 1.07256,-0.18601, 1.13109, 0.13516, 0.98160, 0.01723, 0.01647, 0.99218, 0.65264,435.19144,1458.50540,2953.05847,-1.66103,-0.01783,-0.48325,
13.80000,9642.96070,574.44414,9929.39420,20.53648,-0.33962, 8.96471,702.97979, 1.07190,-0.18588, 1.13898, 0.13693, 0.98047, 0.01719, 0.01645, 0.99220, 0.65270,435.29518,1458.59355,2953.05847,-1.66103,-0.01783,-0.48325,
13.90000,9712.47910,584.78693,9927.81374,20.65002,-0.36119, 9.06131,703.04747, 1.07123,-0.18519, 1.14281, 0.13871, 0.97995, 0.01714, 0.01636, 0.99222, 0.65276,435.40053,1458.68310,2953.05847,-1.66103,-0.01783,-0.48325,
14.00000,9781.98629,595.24693,9926.20836,20.76368,-0.38280, 9.15793,703.11618, 1.07055,-0.18406, 1.14225, 0.14048, 0.98070, 0.01710, 0.01623, 0.99223, 0.65282,435.50751,1458.77407,2953.05847,-1.66103,-0.01783,-0.48325,
14.10000,9851.48208,605.82466,9924.57785,20.87704,-0.40448, 9.25472,703.18592, 1.06985,-0.18265, 1.13758, 0.14225, 0.98315, 0.01705, 0.01606, 0.99224, 0.65288,435.61613,1458.86647,2953.05847,-1.66103,-0.01783,-0.48325,
14.20000,9920.96627,616.52067,9922.92201,20.98972,-0.42631, 9.35185,703.25671, 1.06913,-0.18117, 1.12965, 0.14401, 0.98744, 0.01701, 0.01588, 0.99225, 0.65294,435.72642,1458.96030,2953.05847,-1.66103,-0.01783,-0.48325,
14.30000,9990.43868,627.33547,9921.24060,21.10145,-0.44835, 9.44948,703.32855, 1.06840,-0.17980, 1.11965, 0.14579, 0.99346, 0.01696, 0.01573, 0.99226, 0.65300,435.83837,1459.05559,2953.05847,-1.66103,-0.01783,-0.48325,
14.40000,10059.89911,638.26957,9919.53343,21.21209,-0.47066, 9.54777,703.40144, 1.06766,-0.17870, 1.10900, 0.14758, 1.00087, 0.01691, 0.01561, 0.99227, 0.65306,435.95200,1459.15235,2953.05847,-1.66103,-0.01783,-0.48325,
14.50000,10129.34737,649.32351,9917.80026,21.32165,-0.49327, 9.64681,703.47541, 1.06691,-0.17797, 1.09906, 0.14938, 1.00916, 0.01686, 0.01554, 0.99227, 0.65313,436.06733,1459.25058,2953.05847,-1.66103,-0.01783,-0.48325,
14.60000,10198.78325,660.49782,9916.04088,21.43026,-0.51621, 9.74666,703.55044, 1.06615,-0.17767, 1.09099, 0.15120, 1.01773, 0.01681, 0.01553, 0.99228, 0.65319,436.18437,1459.35031,2953.05847,-1.66103,-0.01783,-0.48325,
14.70000,10268.20654,671.79304,9914.25506,21.53813,-0.53949, 9.84733,703.62656, 1.06539,-0.17778, 1.08561, 0.15304, 1.02601, 0.01676, 0.01556, 0.99229, 0.65326,436.30313,1459.45154,2953.05847,-1.66103,-0.01783,-0.48325,
14.80000,10337.61705,683.20973,9912.44256,21.64558,-0.56307, 9.94876,703.70376, 1.06462,-0.17822, 1.08329, 0.15490, 1.03351, 0.01671, 0.01564, 0.99230, 0.65333,436.42362,1459.55429,2953.05847,-1.66103,-0.01783,-0.48325,
14.90000,10407.01455,694.74844,9910.60315,21.75289,-0.58692,10.05086,703.78206, 1.06386,-0.17889, 1.08395, 0.15679, 1.03986, 0.01666, 0.01574, 0.99232, 0.65339,436.54587,1459.65857,2953.05847,-1.66103,-0.01783,-0.48325,
15.00000,10476.39882,706.40976,9908.73659,21.86035,-0.61100,10.15351,703.86146, 1.06311,-0.17966, 1.08710, 0.15870, 1.04492, 0.01660, 0.01585, 0.99235, 0.65346,436.66987,1459.76439,2953.05847,-1.66103,-0.01783,-0.48325,
15.10000,10545.76965,718.19426,9906.84263,21.96817,-0.63526,10.25661,703.94198, 1.06235,-0.18039, 1.09197, 0.16062, 1.04870, 0.01655, 0.01596, 0.99238, 0.65353,436.79566,1459.87178,2953.05847,-1.66103,-0.01783,-0.48325,
15.20000,10615.12682,730.10250,9904.92104,22.07648,-0.65966,10.36002,704.02362, 1.06160,-0.18097, 1.09760, 0.16256, 1.05141, 0.01650, 0.01604, 0.99242, 0.65361,436.92324,1459.98073,2953.05847,-1.66103,-0.01783,-0.48325,
15.30000,10684.47009,742.13506,9902.97159,22.18530,-0.68416,10.46368,704.10638, 1.06085,-0.18129, 1.10300, 0.16451, 1.05337, 0.01644, 0.01609, 0.99246, 0.65368,437.05263,1460.09128,2953.05847,-1.66103,-0.01783,-0.48325,
15.40000,10753.79925,754.29250,9900.99403,22.29457,-0.70874,10.56753,704.19029, 1.06009,-0.18133, 1.10732, 0.16647, 1.05498, 0.01639, 0.01610, 0.99250, 0.65375,437.18385,1460.20342,2953.05847,-1.66103,-0.01783,-0.48325,
15.50000,10823.11406,766.57537,9898.98813,22.40414,-0.73340,10.67155,704.27534, 1.05933,-0.18108, 1.10990, 0.16844, 1.05666, 0.01633, 0.01607, 0.99255, 0.65382,437.31690,1460.31718,2953.05847,-1.66103,-0.01783,-0.48325,
15.60000,10892.41431,778.98421,9896.95366,22.51381,-0.75815,10.77578,704.36156, 1.05856,-0.18058, 1.11040, 0.17041, 1.05878, 0.01628, 0.01602, 0.99259, 0.65390,437.45181,1460.43257,2953.05847,-1.66103,-0.01783,-0.48325,
15.70000,10961.69975,791.51956,9894.89041,22.62338,-0.78301,10.88026,704.44893, 1.05779,-0.17989, 1.10877, 0.17238, 1.06162, 0.01622, 0.01594, 0.99264, 0.65398,437.58859,1460.54960,2953.05847,-1.66103,-0.01783,-0.48325,
15.80000,11030.97016,804.18195,9892.79814,22.73265,-0.80801,10.98507,704.53748, 1.05700,-0.17911, 1.10528, 0.17436, 1.06533, 0.01617, 0.01585, 0.99269, 0.65405,437.72726,1460.66828,2953.05847,-1.66103,-0.01783,-0.48325,
15.90000,11100.22532,816.97189,9890.67664,22.84143,-0.83319,11.09030,704.62721, 1.05621,-0.17833, 1.10043, 0.17635, 1.06992, 0.01611, 0.01577, 0.99274, 0.65413,437.86782,1460.78862,2953.05847,-1.66103,-0.01783,-0.48325,
16.00000,11169.46498,829.88991,9888.52568,22.94964,-0.85858,11.19602,704.71813, 1.05540,-0.17764, 1.09485, 0.17835, 1.07530, 0.01605, 0.01570, 0.99279, 0.65421,438.01029,1460.91065,2953.05847,-1.66103,-0.01783,-0.48325,
16.10000,11238.68892,842.93652,9886.34503,23.05723,-0.88421,11.30229,704.81025, 1.05458,-0.17710, 1.08925, 0.18036, 1.08125, 0.01599, 0.01565, 0.99283, 0.65429,438.15469,1461.03437,2953.05847,-1.66103,-0.01783,-0.48325,
16.20000,11307.89689,856.11225,9884.13447,23.16422,-0.91009,11.40915,704.90357, 1.05376,-0.17677, 1.08426, 0.18239, 1.08750, 0.01593, 0.01563, 0.99289, 0.65437,438.30103,1461.15979,2953.05847,-1.66103,-0.01783,-0.48325,
16.30000,11377.08866,869.41761,9881.89377,23.27071,-0.93623,11.51663,704.99810, 1.05294,-0.17664, 1.08038, 0.18443, 1.09376, 0.01587, 0.01563, 0.99294, 0.65445,438.44932,1461.28693,2953.05847,-1.66103,-0.01783,-0.48325,
16.40000,11446.26397,882.85315,9879.62271,23.37682,-0.96262,11.62470,705.09384, 1.05211,-0.17669, 1.07792, 0.18649, 1.09976, 0.01581, 0.01565, 0.99300, 0.65454,438.59957,1461.41581,2953.05847,-1.66103,-0.01783,-0.48325,
16.50000,11515.42258,896.41939,9877.32104,23.48270,-0.98926,11.73334,705.19082, 1.05128,-0.17690, 1.07696, 0.18856, 1.10528, 0.01575, 0.01570, 0.99306, 0.65462,438.75181,1461.54643,2953.05847,-1.66103,-0.01783,-0.48325,
16.60000,11584.56424,910.11687,9874.98853,23.58850,-1.01611,11.84249,705.28902, 1.05045,-0.17719, 1.07739, 0.19065, 1.11020, 0.01568, 0.01575, 0.99313, 0.65471,438.90604,1461.67881,2953.05847,-1.66103,-0.01783,-0.48325,
16.70000,11653.68869,923.94613,9872.62495,23.69434,-1.04316,11.95210,705.38847, 1.04961,-0.17749, 1.07888, 0.19276, 1.11446, 0.01562, 0.01580, 0.99320, 0.65479,439.06227,1461.81296,2953.05847,-1.66103,-0.01783,-0.48325,
16.80000,11722.79567,937.90772,9870.23007,23.80030,-1.07037,12.06211,705.48917, 1.04878,-0.17775, 1.08102, 0.19489, 1.11813, 0.01556, 0.01585, 0.99327, 0.65488,439.22054,1461.94891,2953.05847,-1.66103,-0.01783,-0.48325,
16.90000,11791.88492,952.00216,9867.80363,23.90643,-1.09773,12.17246,705.59112, 1.04794,-0.17792, 1.08332, 0.19703, 1.12133, 0.01549, 0.01588, 0.99335, 0.65497,439.38084,1462.08665,2953.05847,-1.66103,-0.01783,-0.48325,
17.00000,11860.95619,966.22999,9865.34542,24.01272,-1.12523,12.28313,705.69434, 1.04711,-0.17795, 1.08531, 0.19917, 1.12423, 0.01543, 0.01590, 0.99343, 0.65506,439.54319,1462.22620,2953.05847,-1.66103,-0.01783,-0.48325,
17.10000,11930.00920,980.59175,9862.85520,24.11912,-1.15284,12.39410,705.79884, 1.04626,-0.17784, 1.08662, 0.20133, 1.12706, 0.01536, 0.01589, 0.99352, 0.65515,439.70761,1462.36759,2953.05847,-1.66103,-0.01783,-0.48325,
17.20000,11999.04369,995.08795,9860.33273,24.22554,-1.18059,12.50537,705.90462, 1.04541,-0.17759, 1.08698, 0.20350, 1.12999, 0.01529, 0.01587, 0.99360, 0.65524,439.87411,1462.51082,2953.05847,-1.66103,-0.01783,-0.48325,
17.30000,12068.05939,1009.71912,9857.77780,24.33189,-1.20847,12.61695,706.01168, 1.04456,-0.17723, 1.08630, 0.20568, 1.13320, 0.01523, 0.01584, 0.99369, 0.65533,440.04271,1462.65590,2953.05847,-1.66103,-0.01783,-0.48325,
17.40000,12137.05604,1024.48577,9855.19018,24.43805,-1.23649,12.72889,706.12004, 1.04370,-0.17681, 1.08463, 0.20787, 1.13679, 0.01516, 0.01580, 0.99378, 0.65543,440.21342,1462.80285,2953.05847,-1.66103,-0.01783,-0.48325,
17.50000,12206.03335,1039.38841,9852.56963,24.54395,-1.26468,12.84121,706.22971, 1.04283,-0.17636, 1.08214, 0.21006, 1.14082, 0.01509, 0.01575, 0.99388, 0.65552,440.38626,1462.95168,2953.05847,-1.66103,-0.01783,-0.48325,
17.60000,12274.99107,1054.42754,9849.91594,24.64950,-1.29306,12.95395,706.34069, 1.04195,-0.17593, 1.07913, 0.21227, 1.14526, 0.01502, 0.01571, 0.99397, 0.65562,440.56123,1463.10241,2953.05847,-1.66103,-0.01783,-0.48325,
17.70000,12343.92892,1069.60368,9847.22887,24.75467,-1.32163,13.06716,706.45299, 1.04107,-0.17556, 1.07593, 0.21449, 1.15003, 0.01495, 0.01568, 0.99407, 0.65572,440.73836,1463.25504,2953.05847,-1.66103,-0.01783,-0.48325,
17.80000,12412.84660,1084.91734,9844.50821,24.85945,-1.35042,13.18085,706.56661, 1.04018,-0.17528, 1.07287, 0.21672, 1.15501, 0.01488, 0.01566, 0.99417, 0.65582,440.91765,1463.40960,2953.05847,-1.66103,-0.01783,-0.48325,
17.90000,12481.74386,1100.36900,9841.75372,24.96388,-1.37942,13.29505,706.68157, 1.03929,-0.17510, 1.07023, 0.21897, 1.16007, 0.01480, 0.01566, 0.99427, 0.65592,441.09913,1463.56609,2953.05847,-1.66103,-0.01783,-0.48325,
18.00000,12550.62039,1115.95920,9838.96518,25.06801,-1.40863,13.40974,706.79787, 1.03839,-0.17502, 1.06822, 0.22122, 1.16507, 0.01473, 0.01566, 0.99438, 0.65602,441.28279,1463.72453,2953.05847,-1.66103,-0.01783,-0.48325,
18.10000,12619.47592,1131.68844,9836.14236,25.17190,-1.43806,13.52492,706.91551, 1.03749,-0.17502, 1.06694, 0.22350, 1.16987, 0.01466, 0.01568, 0.99449, 0.65612,441.46867,1463.88493,2953.05847,-1.66103,-0.01783,-0.48325,
18.20000,12688.31014,1147.55722,9833.28502,25.27563,-1.46769,13.64057,707.03451, 1.03658,-0.17508, 1.06639, 0.22579, 1.17440, 0.01458, 0.01571, 0.99460, 0.65622,441.65677,1464.04731,2953.05847,-1.66103,-0.01783,-0.48325,
18.30000,12757.12277,1163.56606,9830.39294,25.37926,-1.49751,13.75666,707.15488, 1.03568,-0.17516, 1.06645, 0.22809, 1.17860, 0.01451, 0.01573, 0.99472, 0.65633,441.84710,1464.21168,2953.05847,-1.66103,-0.01783,-0.48325,
18.40000,12825.91352,1179.71548,9827.46588,25.48285,-1.52750,13.87316,707.27661, 1.03477,-0.17525, 1.06694, 0.23041, 1.18248, 0.01443, 0.01576, 0.99484, 0.65643,442.03969,1464.37804,2953.05847,-1.66103,-0.01783,-0.48325,
18.50000,12894.68207,1196.00597,9824.50362,25.58644,-1.55766,13.99005,707.39971, 1.03385,-0.17529, 1.06764, 0.23275, 1.18609, 0.01436, 0.01578, 0.99497, 0.65654,442.23454,1464.54643,2953.05847,-1.66103,-0.01783,-0.48325,
18.60000,12963.42813,1212.43807,9821.50592,25.69002,-1.58797,14.10730,707.52421, 1.03294,-0.17528, 1.06830, 0.23509, 1.18951, 0.01428, 0.01579, 0.99510, 0.65665,442.43167,1464.71685,2953.05847,-1.66103,-0.01783,-0.48325,
18.70000,13032.15140,1229.01225,9818.47256,25.79358,-1.61842,14.22491,707.65009, 1.03202,-0.17520, 1.06872, 0.23745, 1.19282, 0.01420, 0.01579, 0.99523, 0.65676,442.63109,1464.88931,2953.05847,-1.66103,-0.01783,-0.48325,
18.80000,13100.85156,1245.72904,9815.40331,25.89709,-1.64901,14.34286,707.77737, 1.03109,-0.17505, 1.06873, 0.23982, 1.19613, 0.01412, 0.01579, 0.99537, 0.65687,442.83282,1465.06382,2953.05847,-1.66103,-0.01783,-0.48325,
18.90000,13169.52831,1262.58893,9812.29794,26.00051,-1.67976,14.46116,707.90606, 1.03016,-0.17484, 1.06825, 0.24220, 1.19953, 0.01404, 0.01577, 0.99551, 0.65698,443.03687,1465.24041,2953.05847,-1.66103,-0.01783,-0.48325,
19.00000,13238.18134,1279.59242,9809.15623,26.10378,-1.71065,14.57982,708.03616, 1.02923,-0.17459, 1.06727, 0.24459, 1.20309, 0.01396, 0.01575, 0.99565, 0.65709,443.24325,1465.41908,2953.05847,-1.66103,-0.01783,-0.48325,
19.10000,13306.81034,1296.73999,9805.97796,26.20685,-1.74170,14.69887,708.16767, 1.02829,-0.17432, 1.06584, 0.24699, 1.20685, 0.01388, 0.01573, 0.99579, 0.65721,443.45199,1465.59985,2953.05847,-1.66103,-0.01783,-0.48325,
19.20000,13375.41498,1314.03215,9802.76289,26.30969,-1.77292,14.81831,708.30062, 1.02734,-0.17404, 1.06408, 0.24940, 1.21081, 0.01380, 0.01571, 0.99594, 0.65732,443.66309,1465.78273,2953.05847,-1.66103,-0.01783,-0.48325,
19.30000,13443.99496,1331.46938,9799.51081,26.41226,-1.80432,14.93817,708.43499, 1.02639,-0.17379, 1.06215, 0.25183, 1.21494, 0.01371, 0.01570, 0.99609, 0.65744,443.87656,1465.96774,2953.05847,-1.66103,-0.01783,-0.48325,
19.40000,13512.54994,1349.05217,9796.22149,26.51456,-1.83590,15.05847,708.57081, 1.02543,-0.17357, 1.06021, 0.25427, 1.21921, 0.01363, 0.01568, 0.99625, 0.65756,444.09243,1466.15488,2953.05847,-1.66103,-0.01783,-0.48325,
19.50000,13581.07961,1366.78100,9792.89471,26.61658,-1.86767,15.17920,708.70807, 1.02446,-0.17340, 1.05842, 0.25672, 1.22353, 0.01355, 0.01568, 0.99640, 0.65768,444.31070,1466.34417,2953.05847,-1.66103,-0.01783,-0.48325,
19.60000,13649.58364,1384.65638,9789.53025,26.71836,-1.89963,15.30037,708.84678, 1.02350,-0.17328, 1.05690, 0.25918, 1.22785, 0.01346, 0.01568, 0.99657, 0.65780,444.53139,1466.53563,2953.05847,-1.66103,-0.01783,-0.48325,
19.70000,13718.06170,1402.67877,9786.12788,26.81993,-1.93178,15.42198,708.98696, 1.02252,-0.17321, 1.05572, 0.26166, 1.23210, 0.01337, 0.01569, 0.99673, 0.65792,444.75451,1466.72926,2953.05847,-1.66103,-0.01783,-0.48325,
19.80000,13786.51346,1420.84868,9782.68738,26.92131,-1.96411,15.54403,709.12859, 1.02155,-0.17317, 1.05491, 0.26415, 1.23622, 0.01329, 0.01570, 0.99690, 0.65804,444.98007,1466.92509,2953.05847,-1.66103,-0.01783,-0.48325,
19.90000,13854.93857,1439.16659,9779.20852,27.02254,-1.99662,15.66649,709.27170, 1.02057,-0.17315, 1.05443, 0.26666, 1.24018, 0.01320, 0.01571, 0.99707, 0.65816,445.20810,1467.12312,2953.05847,-1.66103,-0.01783,-0.48325,
20.00000,13923.33671,1457.63298,9775.69108,27.12365,-2.02929,15.78936,709.41629, 1.01959,-0.17314, 1.05421, 0.26918, 1.24398, 0.01311, 0.01573, 0.99725, 0.65829,445.43859,1467.32336,2953.05847,-1.66103,-0.01783,-0.48325,
20.10000,13991.70753,1476.24835,9772.13484,27.22467,-2.06213,15.91262,709.56236, 1.01860,-0.17311, 1.05415, 0.27171, 1.24762, 0.01302, 0.01574, 0.99743, 0.65842,445.67158,1467.52584,2953.05847,-1.66103,-0.01783,-0.48325,
20.20000,14060.05068,1495.01317,9768.53957,27.32560,-2.09512,16.03626,709.70992, 1.01761,-0.17307, 1.05412, 0.27426, 1.25113, 0.01293, 0.01575, 0.99761, 0.65854,445.90706,1467.73057,2953.05847,-1.66103,-0.01783,-0.48325,
20.30000,14128.36582,1513.92792,9764.90504,27.42644,-2.12826,16.16027,709.85899, 1.01662,-0.17299, 1.05403, 0.27682, 1.25457, 0.01284, 0.01575, 0.99780, 0.65867,446.14506,1467.93755,2953.05847,-1.66103,-0.01783,-0.48325,
20.40000,14196.65259,1532.99310,9761.23105,27.52718,-2.16155,16.28464,710.00955, 1.01562,-0.17288, 1.05377, 0.27939, 1.25797, 0.01275, 0.01575, 0.99800, 0.65880,446.38558,1468.14681,2953.05847,-1.66103,-0.01783,-0.48325,
20.50000,14264.91065,1552.20918,9757.51736,27.62779,-2.19499,16.40938,710.16162, 1.01461,-0.17274, 1.05329, 0.28197, 1.26139, 0.01265, 0.01575, 0.99819, 0.65894,446.62865,1468.35835,2953.05847,-1.66103,-0.01783,-0.48325,
20.60000,14333.13964,1571.57662,9753.76376,27.72825,-2.22858,16.53449,710.31521, 1.01361,-0.17257, 1.05256, 0.28457, 1.26487, 0.01256, 0.01574, 0.99839, 0.65907,446.87427,1468.57219,2953.05847,-1.66103,-0.01783,-0.48325,
20.70000,14401.33920,1591.09591,9749.97002,27.82855,-2.26232,16.65998,710.47033, 1.01259,-0.17238, 1.05160, 0.28718, 1.26843, 0.01246, 0.01573, 0.99860, 0.65920,447.12246,1468.78834,2953.05847,-1.66103,-0.01783,-0.48325,
20.80000,14469.50897,1610.76752,9746.13593,27.92865,-2.29621,16.78585,710.62697, 1.01158,-0.17220, 1.05045, 0.28979, 1.27209, 0.01237, 0.01573, 0.99880, 0.65934,447.37323,1469.00681,2953.05847,-1.66103,-0.01783,-0.48325,
20.90000,14537.64858,1630.59191,9742.26128,28.02853,-2.33027,16.91212,710.78514, 1.01055,-0.17201, 1.04919, 0.29243, 1.27582, 0.01227, 0.01572, 0.99901, 0.65948,447.62659,1469.22762,2953.05847,-1.66103,-0.01783,-0.48325,
21.00000,14605.75768,1650.56956,9738.34584,28.12820,-2.36449,17.03878,710.94486, 1.00953,-0.17185, 1.04789, 0.29507, 1.27963, 0.01217, 0.01571, 0.99923, 0.65962,447.88257,1469.45079,2953.05847,-1.66103,-0.01783,-0.48325,
21.10000,14673.83590,1670.70093,9734.38940,28.22764,-2.39888,17.16586,711.10612, 1.00849,-0.17171, 1.04663, 0.29773, 1.28347, 0.01207, 0.01571, 0.99945, 0.65976,448.14117,1469.67632,2953.05847,-1.66103,-0.01783,-0.48325,
21.20000,14741.88285,1690.98648,9730.39174,28.32687,-2.43344,17.29334,711.26893, 1.00746,-0.17159, 1.04549, 0.30040, 1.28732, 0.01198, 0.01571, 0.99967, 0.65990,448.40240,1469.90423,2953.05847,-1.66103,-0.01783,-0.48325,
21.30000,14809.89817,1711.42669,9726.35264,28.42590,-2.46817,17.42123,711.43330, 1.00642,-0.17149, 1.04450, 0.30308, 1.29113, 0.01188, 0.01572, 0.99989, 0.66004,448.66628,1470.13453,2953.05847,-1.66103,-0.01783,-0.48325,
21.40000,14877.88147,1732.02202,9722.27189,28.52475,-2.50305,17.54952,711.59923, 1.00537,-0.17142, 1.04370, 0.30577, 1.29489, 0.01177, 0.01572, 1.00012, 0.66018,448.93282,1470.36723,2953.05847,-1.66103,-0.01783,-0.48325,
21.50000,14945.83239,1752.77292,9718.14926,28.62342,-2.53810,17.67821,711.76673, 1.00432,-0.17135, 1.04307, 0.30848, 1.29856, 0.01167, 0.01573, 1.00036, 0.66033,449.20204,1470.60235,2953.05847,-1.66103,-0.01783,-0.48325,
21.60000,15013.75052,1773.67987,9713.98456,28.72195,-2.57331,17.80730,711.93580, 1.00327,-0.17130, 1.04259, 0.31121, 1.30215, 0.01157, 0.01574, 1.00060, 0.66047,449.47394,1470.83990,2953.05847,-1.66103,-0.01783,-0.48325,
21.70000,15081.63549,1794.74332,9709.77755,28.82034,-2.60867,17.93677,712.10646, 1.00222,-0.17124, 1.04222, 0.31394, 1.30564, 0.01147, 0.01575, 1.00084, 0.66062,449.74855,1471.07990,2953.05847,-1.66103,-0.01783,-0.48325,
21.80000,15149.48690,1815.96374,9705.52803,28.91859,-2.64418,18.06662,712.27870, 1.00116,-0.17117, 1.04188, 0.31669, 1.30906, 0.01136, 0.01576, 1.00109, 0.66077,450.02587,1471.32235,2953.05847,-1.66103,-0.01783,-0.48325,
21.90000,15217.30436,1837.34158,9701.23577,29.01672,-2.67983,18.19684,712.45253, 1.00009,-0.17110, 1.04154, 0.31946, 1.31243, 0.01125, 0.01576, 1.00134, 0.66092,450.30592,1471.56728,2953.05847,-1.66103,-0.01783,-0.48325,
22.00000,15285.08747,1858.87730,9696.90058,29.11470,-2.71563,18.32743,712.62795, 0.99903,-0.17100, 1.04113, 0.32223, 1.31576, 0.01115, 0.01577, 1.00160, 0.66107,450.58871,1471.81469,2953.05847,-1.66103,-0.01783,-0.48325,
22.10000,15352.83584,1880.57135,9692.52223,29.21255,-2.75157,18.45839,712.80498, 0.99795,-0.17089, 1.04063, 0.32502, 1.31908, 0.01104, 0.01577, 1.00186, 0.66123,450.87425,1472.06459,2953.05847,-1.66103,-0.01783,-0.48325,
22.20000,15420.54906,1902.42419,9688.10051,29.31023,-2.78765,18.58972,712.98361, 0.99688,-0.17076, 1.04001, 0.32782, 1.32242, 0.01093, 0.01577, 1.00212, 0.66138,451.16256,1472.31701,2953.05847,-1.66103,-0.01783,-0.48325,
22.30000,15488.22673,1924.43626,9683.63521,29.40775,-2.82387,18.72143,713.16385, 0.99580,-0.17063, 1.03927, 0.33063, 1.32578, 0.01082, 0.01577, 1.00239, 0.66154,451.45365,1472.57194,2953.05847,-1.66103,-0.01783,-0.48325,
22.40000,15555.86844,1946.60802,9679.12612,29.50509,-2.86024,18.85350,713.34571, 0.99471,-0.17049, 1.03844, 0.33345, 1.32918, 0.01071, 0.01577, 1.00266, 0.66170,451.74754,1472.82942,2953.05847,-1.66103,-0.01783,-0.48325,
22.50000,15623.47378,1968.93991,9674.57303,29.60224,-2.89676,18.98596,713.52919, 0.99362,-0.17036, 1.03754, 0.33629, 1.33262, 0.01060, 0.01577, 1.00294, 0.66185,452.04423,1473.08944,2953.05847,-1.66103,-0.01783,-0.48325,
22.60000,15691.04233,1991.43237,9669.97574,29.69919,-2.93342,19.11880,713.71430, 0.99253,-0.17023, 1.03661, 0.33914, 1.33608, 0.01049, 0.01577, 1.00322, 0.66201,452.34373,1473.35203,2953.05847,-1.66103,-0.01783,-0.48325,
22.70000,15758.57369,2014.08586,9665.33404,29.79594,-2.97023,19.25203,713.90104, 0.99143,-0.17011, 1.03569, 0.34200, 1.33956, 0.01038, 0.01577, 1.00350, 0.66218,452.64607,1473.61719,2953.05847,-1.66103,-0.01783,-0.48325,
22.80000,15826.06742,2036.90081,9660.64771,29.89250,-3.00719,19.38565,714.08941, 0.99033,-0.17000, 1.03482, 0.34487, 1.34304, 0.01026, 0.01577, 1.00379, 0.66234,452.95126,1473.88494,2953.05847,-1.66103,-0.01783,-0.48325,
22.90000,15893.52311,2059.87767,9655.91655,29.98887,-3.04430,19.51965,714.27943, 0.98922,-0.16991, 1.03402, 0.34776, 1.34650, 0.01015, 0.01578, 1.00409, 0.66250,453.25930,1474.15529,2953.05847,-1.66103,-0.01783,-0.48325,
23.00000,15960.94032,2083.01687,9651.14035,30.08505,-3.08155,19.65404,714.47109, 0.98811,-0.16983, 1.03331, 0.35066, 1.34993, 0.01003, 0.01578, 1.00438, 0.66267,453.57021,1474.42825,2953.05847,-1.66103,-0.01783,-0.48325,
23.10000,16028.31864,2106.31886,9646.31891,30.18106,-3.11895,19.78881,714.66440, 0.98700,-0.16975, 1.03269, 0.35357, 1.35332, 0.00991, 0.01579, 1.00469, 0.66284,453.88400,1474.70384,2953.05847,-1.66103,-0.01783,-0.48325,
23.20000,16095.65762,2129.78406,9641.45202,30.27691,-3.15650,19.92396,714.85936, 0.98588,-0.16968, 1.03216, 0.35650, 1.35665, 0.00979, 0.01580, 1.00499, 0.66301,454.20069,1474.98207,2953.05847,-1.66103,-0.01783,-0.48325,
23.30000,16162.95683,2153.41293,9636.53948,30.37259,-3.19418,20.05948,715.05599, 0.98476,-0.16961, 1.03169, 0.35944, 1.35993, 0.00967, 0.01581, 1.00531, 0.66318,454.52029,1475.26295,2953.05847,-1.66103,-0.01783,-0.48325,
23.40000,16230.21583,2177.20589,9631.58108,30.46812,-3.23200,20.19538,715.25427, 0.98363,-0.16954, 1.03125, 0.36239, 1.36316, 0.00955, 0.01581, 1.00562, 0.66335,454.84280,1475.54650,2953.05847,-1.66103,-0.01783,-0.48325,
23.50000,16297.43419,2201.16337,9626.57662,30.56350,-3.26995,20.33165,715.45423, 0.98250,-0.16946, 1.03081, 0.36536, 1.36635, 0.00943, 0.01582, 1.00594, 0.66352,455.16825,1475.83273,2953.05847,-1.66103,-0.01783,-0.48325,
23.60000,16364.61144,2225.28580,9621.52589,30.65872,-3.30803,20.46829,715.65586, 0.98137,-0.16937, 1.03036, 0.36833, 1.36952, 0.00931, 0.01583, 1.00627, 0.66369,455.49665,1476.12165,2953.05847,-1.66103,-0.01783,-0.48325,
23.70000,16431.74716,2249.57362,9616.42869,30.75378,-3.34625,20.60529,715.85916, 0.98023,-0.16928, 1.02986, 0.37132, 1.37266, 0.00919, 0.01583, 1.00660, 0.66387,455.82800,1476.41327,2953.05847,-1.66103,-0.01783,-0.48325,
23.80000,16498.84087,2274.02726,9611.28483,30.84867,-3.38459,20.74265,716.06414, 0.97909,-0.16918, 1.02932, 0.37432, 1.37581, 0.00906, 0.01584, 1.00693, 0.66405,456.16232,1476.70761,2953.05847,-1.66103,-0.01783,-0.48325,
23.90000,16565.89214,2298.64713,9606.09410,30.94340,-3.42307,20.88039,716.27081, 0.97795,-0.16908, 1.02872, 0.37734, 1.37895, 0.00894, 0.01584, 1.00727, 0.66423,456.49962,1477.00468,2953.05847,-1.66103,-0.01783,-0.48325,
24.00000,16632.90049,2323.43366,9600.85630,31.03794,-3.46168,21.01849,716.47917, 0.97680,-0.16897, 1.02807, 0.38037, 1.38211, 0.00881, 0.01584, 1.00762, 0.66441,456.83992,1477.30450,2953.05847,-1.66103,-0.01783,-0.48325,
24.10000,16699.86548,2348.38728,9595.57124,31.13231,-3.50041,21.15696,716.68922, 0.97564,-0.16887, 1.02739, 0.38340, 1.38527, 0.00869, 0.01585, 1.00797, 0.66459,457.18323,1477.60706,2953.05847,-1.66103,-0.01783,-0.48325,
24.20000,16766.78663,2373.50840,9590.23871,31.22649,-3.53928,21.29581,716.90096, 0.97449,-0.16876, 1.02668, 0.38646, 1.38845, 0.00856, 0.01585, 1.00832, 0.66477,457.52956,1477.91240,2953.05847,-1.66103,-0.01783,-0.48325,
24.30000,16833.66348,2398.79745,9584.85852,31.32048,-3.57828,21.43502,717.11441, 0.97333,-0.16867, 1.02599, 0.38952, 1.39162, 0.00843, 0.01586, 1.00868, 0.66495,457.87891,1478.22052,2953.05847,-1.66103,-0.01783,-0.48325,
24.40000,16900.49556,2424.25483,9579.43047,31.41429,-3.61741,21.57461,717.32956, 0.97216,-0.16857, 1.02531, 0.39260, 1.39479, 0.00830, 0.01586, 1.00904, 0.66514,458.23131,1478.53143,2953.05847,-1.66103,-0.01783,-0.48325,
24.50000,16967.28240,2449.88097,9573.95437,31.50791,-3.65667,21.71457,717.54641, 0.97100,-0.16849, 1.02467, 0.39569, 1.39794, 0.00817, 0.01587, 1.00941, 0.66533,458.58677,1478.84514,2953.05847,-1.66103,-0.01783,-0.48325,
24.60000,17034.02351,2475.67627,9568.43002,31.60135,-3.69605,21.85491,717.76498, 0.96982,-0.16841, 1.02408, 0.39879, 1.40107, 0.00804, 0.01588, 1.00978, 0.66552,458.94529,1479.16168,2953.05847,-1.66103,-0.01783,-0.48325,
24.70000,17100.71842,2501.64116,9562.85723,31.69461,-3.73557,21.99561,717.98526, 0.96865,-0.16834, 1.02353, 0.40190, 1.40417, 0.00790, 0.01588, 1.01016, 0.66571,459.30690,1479.48104,2953.05847,-1.66103,-0.01783,-0.48325,
24.80000,17167.36664,2527.77604,9557.23580,31.78769,-3.77521,22.13669,718.20726, 0.96747,-0.16826, 1.02303, 0.40503, 1.40724, 0.00777, 0.01589, 1.01054, 0.66590,459.67159,1479.80325,2953.05847,-1.66103,-0.01783,-0.48325,
24.90000,17233.96768,2554.08132,9551.56555,31.88061,-3.81497,22.27813,718.43098, 0.96629,-0.16819, 1.02257, 0.40817, 1.41027, 0.00763, 0.01590, 1.01093, 0.66609,460.03939,1480.12831,2953.05847,-1.66103,-0.01783,-0.48325,
25.00000,17300.52106,2580.55741,9545.84627,31.97336,-3.85486,22.41993,718.65643, 0.96510,-0.16812, 1.02213, 0.41132, 1.41327, 0.00750, 0.01591, 1.01132, 0.66629,460.41030,1480.45625,2953.05847,-1.66103,-0.01783,-0.48325,
25.10000,17367.02628,2607.20471,9540.07778,32.06595,-3.89486,22.56210,718.88360, 0.96391,-0.16805, 1.02169, 0.41448, 1.41624, 0.00736, 0.01592, 1.01171, 0.66648,460.78434,1480.78706,2953.05847,-1.66103,-0.01783,-0.48325,
25.20000,17433.48285,2634.02363,9534.25989,32.15836,-3.93498,22.70464,719.11251, 0.96272,-0.16798, 1.02126, 0.41766, 1.41919, 0.00722, 0.01593, 1.01212, 0.66668,461.16152,1481.12077,2953.05847,-1.66103,-0.01783,-0.48325,
25.30000,17499.89025,2661.01457,9528.39240,32.25061,-3.97522,22.84753,719.34315, 0.96152,-0.16790, 1.02081, 0.42085, 1.42212, 0.00708, 0.01593, 1.01252, 0.66688,461.54186,1481.45738,2953.05847,-1.66103,-0.01783,-0.48325,
25.40000,17566.24800,2688.17792,9522.47514,32.34269,-4.01557,22.99078,719.57552, 0.96032,-0.16782, 1.02034, 0.42405, 1.42504, 0.00694, 0.01594, 1.01293, 0.66708,461.92535,1481.79691,2953.05847,-1.66103,-0.01783,-0.48325,
25.50000,17632.55558,2715.51410,9516.50791,32.43459,-4.05604,23.13440,719.80964, 0.95912,-0.16773, 1.01984, 0.42726, 1.42795, 0.00680, 0.01595, 1.01335, 0.66728,462.31202,1482.13937,2953.05847,-1.66103,-0.01783,-0.48325,
25.60000,17698.81248,2743.02349,9510.49052,32.52631,-4.09662,23.27837,720.04550, 0.95791,-0.16765, 1.01932, 0.43049, 1.43085, 0.00666, 0.01596, 1.01377, 0.66749,462.70187,1482.48478,2953.05847,-1.66103,-0.01783,-0.48325,
25.70000,17765.01818,2770.70648,9504.42280,32.61785,-4.13732,23.42271,720.28310, 0.95670,-0.16756, 1.01879, 0.43373, 1.43375, 0.00651, 0.01596, 1.01420, 0.66769,463.09492,1482.83314,2953.05847,-1.66103,-0.01783,-0.48325,
25.80000,17831.17218,2798.56348,9498.30455,32.70921,-4.17813,23.56741,720.52245, 0.95549,-0.16748, 1.01825, 0.43698, 1.43665, 0.00637, 0.01597, 1.01463, 0.66790,463.49118,1483.18446,2953.05847,-1.66103,-0.01783,-0.48325,
25.90000,17897.27395,2826.59487,9492.13559,32.80039,-4.21905,23.71247,720.76356, 0.95427,-0.16740, 1.01771, 0.44024, 1.43954, 0.00622, 0.01598, 1.01507, 0.66811,463.89065,1483.53877,2953.05847,-1.66103,-0.01783,-0.48325,
26.00000,17963.32296,2854.80103,9485.91574,32.89139,-4.26008,23.85790,721.00641, 0.95305,-0.16732, 1.01719, 0.44351, 1.44242, 0.00607, 0.01599, 1.01551, 0.66831,464.29336,1483.89607,2953.05847,-1.66103,-0.01783,-0.48325,
26.10000,18029.31869,2883.18237,9479.64482,32.98220,-4.30122,24.00369,721.25103, 0.95182,-0.16725, 1.01668, 0.44680, 1.44529, 0.00593, 0.01600, 1.01595, 0.66853,464.69932,1484.25637,2953.05847,-1.66103,-0.01783,-0.48325,
26.20000,18095.26061,2911.73925,9473.32264,33.07283,-4.34248,24.14984,721.49740, 0.95059,-0.16718, 1.01620, 0.45010, 1.44813, 0.00578, 0.01601, 1.01641, 0.66874,465.10852,1484.61969,2953.05847,-1.66103,-0.01783,-0.48325,
26.30000,18161.14819,2940.47207,9466.94903,33.16328,-4.38384,24.29635,721.74553, 0.94936,-0.16711, 1.01575, 0.45341, 1.45096, 0.00563, 0.01602, 1.01686, 0.66895,465.52099,1484.98604,2953.05847,-1.66103,-0.01783,-0.48325,
26.40000,18226.98088,2969.38121,9460.52380,33.25355,-4.42531,24.44323,721.99542, 0.94813,-0.16705, 1.01532, 0.45673, 1.45376, 0.00547, 0.01603, 1.01733, 0.66917,465.93674,1485.35543,2953.05847,-1.66103,-0.01783,-0.48325,
26.50000,18292.75814,2998.46704,9454.04678,33.34365,-4.46688,24.59046,722.24708, 0.94689,-0.16699, 1.01491, 0.46007, 1.45653, 0.00532, 0.01604, 1.01779, 0.66938,466.35577,1485.72787,2953.05847,-1.66103,-0.01783,-0.48325,
26.60000,18358.47943,3027.72995,9447.51779,33.43357,-4.50856,24.73805,722.50051, 0.94565,-0.16692, 1.01452, 0.46341, 1.45928, 0.00517, 0.01605, 1.01827, 0.66960,466.77811,1486.10338,2953.05847,-1.66103,-0.01783,-0.48325,
26.70000,18424.14421,3057.17030,9440.93665,33.52332,-4.55034,24.88600,722.75570, 0.94441,-0.16686, 1.01414, 0.46677, 1.46201, 0.00501, 0.01606, 1.01874, 0.66982,467.20375,1486.48196,2953.05847,-1.66103,-0.01783,-0.48325,
26.80000,18489.75191,3086.78848,9434.30318,33.61290,-4.59222,25.03431,723.01267, 0.94316,-0.16679, 1.01376, 0.47014, 1.46471, 0.00486, 0.01607, 1.01923, 0.67004,467.63271,1486.86363,2953.05847,-1.66103,-0.01783,-0.48325,
26.90000,18555.30199,3116.58485,9427.61722,33.70230,-4.63420,25.18297,723.27141, 0.94191,-0.16673, 1.01338, 0.47353, 1.46740, 0.00470, 0.01608, 1.01972, 0.67027,468.06501,1487.24840,2953.05847,-1.66103,-0.01783,-0.48325,
27.00000,18620.79389,3146.55979,9420.87858,33.79152,-4.67628,25.33199,723.53192, 0.94065,-0.16666, 1.01299, 0.47692, 1.47007, 0.00454, 0.01609, 1.02021, 0.67049,468.50064,1487.63628,2953.05847,-1.66103,-0.01783,-0.48325,
27.10000,18686.22703,3176.71366,9414.08710,33.88057,-4.71845,25.48136,723.79421, 0.93940,-0.16659, 1.01259, 0.48033, 1.47273, 0.00438, 0.01610, 1.02071, 0.67072,468.93963,1488.02729,2953.05847,-1.66103,-0.01783,-0.48325,
27.20000,18751.60087,3207.04683,9407.24260,33.96943,-4.76072,25.63109,724.05828, 0.93814,-0.16652, 1.01218, 0.48375, 1.47539, 0.00422, 0.01611, 1.02121, 0.67094,469.38199,1488.42143,2953.05847,-1.66103,-0.01783,-0.48325,
27.30000,18816.91483,3237.55966,9400.34491,34.05812,-4.80309,25.78117,724.32413, 0.93687,-0.16646, 1.01177, 0.48718, 1.47803, 0.00406, 0.01612, 1.02172, 0.67117,469.82772,1488.81873,2953.05847,-1.66103,-0.01783,-0.48325,
27.40000,18882.16833,3268.25251,9393.39386,34.14662,-4.84555,25.93161,724.59176, 0.93561,-0.16639, 1.01136, 0.49062, 1.48066, 0.00390, 0.01613, 1.02224, 0.67140,470.27683,1489.21918,2953.05847,-1.66103,-0.01783,-0.48325,
27.50000,18947.36080,3299.12575,9386.38929,34.23495,-4.88810,26.08240,724.86117, 0.93434,-0.16633, 1.01095, 0.49407, 1.48327, 0.00373, 0.01614, 1.02276, 0.67164,470.72934,1489.62280,2953.05847,-1.66103,-0.01783,-0.48325,
27.60000,19012.49166,3330.17972,9379.33102,34.32308,-4.93075,26.23355,725.13236, 0.93307,-0.16626, 1.01055, 0.49754, 1.48588, 0.00357, 0.01616, 1.02329, 0.67187,471.18525,1490.02961,2953.05847,-1.66103,-0.01783,-0.48325,
27.70000,19077.56033,3361.41479,9372.21889,34.41104,-4.97349,26.38506,725.40534, 0.93179,-0.16620, 1.01016, 0.50102, 1.48847, 0.00340, 0.01617, 1.02382, 0.67210,471.64458,1490.43961,2953.05847,-1.66103,-0.01783,-0.48325,
27.80000,19142.56622,3392.83131,9365.05273,34.49882,-5.01632,26.53692,725.68011, 0.93051,-0.16614, 1.00979, 0.50451, 1.49104, 0.00324, 0.01618, 1.02435, 0.67234,472.10734,1490.85281,2953.05847,-1.66103,-0.01783,-0.48325,
27.90000,19207.50874,3424.42963,9357.83238,34.58641,-5.05923,26.68914,725.95666, 0.92923,-0.16609, 1.00943, 0.50801, 1.49359, 0.00307, 0.01619, 1.02490, 0.67258,472.57354,1491.26924,2953.05847,-1.66103,-0.01783,-0.48325,
28.00000,19272.38730,3456.21009,9350.55767,34.67383,-5.10224,26.84171,726.23500, 0.92795,-0.16603, 1.00909, 0.51152, 1.49612, 0.00290, 0.01621, 1.02544, 0.67282,473.04318,1491.68890,2953.05847,-1.66103,-0.01783,-0.48325,
28.10000,19337.20129,3488.17305,9343.22844,34.76106,-5.14533,26.99463,726.51514, 0.92666,-0.16598, 1.00877, 0.51504, 1.49863, 0.00273, 0.01622, 1.02600, 0.67306,473.51628,1492.11179,2953.05847,-1.66103,-0.01783,-0.48325,
28.20000,19401.95012,3520.31885,9335.84453,34.84812,-5.18850,27.14791,726.79705, 0.92537,-0.16592, 1.00845, 0.51858, 1.50112, 0.00256, 0.01623, 1.02656, 0.67330,473.99285,1492.53794,2953.05847,-1.66103,-0.01783,-0.48325,
28.30000,19466.63318,3552.64783,9328.40578,34.93500,-5.23176,27.30154,727.08077, 0.92408,-0.16587, 1.00814, 0.52213, 1.50359, 0.00238, 0.01624, 1.02712, 0.67355,474.47290,1492.96735,2953.05847,-1.66103,-0.01783,-0.48325,
28.40000,19531.24986,3585.16034,9320.91203,35.02170,-5.27510,27.45552,727.36627, 0.92278,-0.16582, 1.00784, 0.52569, 1.50605, 0.00221, 0.01626, 1.02769, 0.67379,474.95644,1493.40004,2953.05847,-1.66103,-0.01783,-0.48325,
28.50000,19595.79955,3617.85670,9313.36312,35.10822,-5.31852,27.60985,727.65356, 0.92149,-0.16576, 1.00754, 0.52926, 1.50848, 0.00203, 0.01627, 1.02827, 0.67404,475.44347,1493.83602,2953.05847,-1.66103,-0.01783,-0.48325,
28.60000,19660.28164,3650.73727,9305.75888,35.19456,-5.36202,27.76454,727.94265, 0.92019,-0.16571, 1.00724, 0.53284, 1.51090, 0.00186, 0.01628, 1.02885, 0.67429,475.93401,1494.27529,2953.05847,-1.66103,-0.01783,-0.48325,
28.70000,19724.69550,3683.80236,9298.09918,35.28072,-5.40559,27.91957,728.23353, 0.91888,-0.16565, 1.00693, 0.53643, 1.51331, 0.00168, 0.01630, 1.02944, 0.67454,476.42807,1494.71788,2953.05847,-1.66103,-0.01783,-0.48325,
28.80000,19789.04051,3717.05232,9290.38384,35.36670,-5.44925,28.07495,728.52620, 0.91758,-0.16560, 1.00663, 0.54004, 1.51570, 0.00150, 0.01631, 1.03003, 0.67479,476.92566,1495.16379,2953.05847,-1.66103,-0.01783,-0.48325,
28.90000,19853.31605,3750.48746,9282.61271,35.45250,-5.49298,28.23069,728.82066, 0.91627,-0.16555, 1.00632, 0.54365, 1.51808, 0.00132, 0.01632, 1.03063, 0.67504,477.42679,1495.61302,2953.05847,-1.66103,-0.01783,-0.48325,
29.00000,19917.52148,3784.10812,9274.78565,35.53812,-5.53678,28.38678,729.11692, 0.91496,-0.16550, 1.00602, 0.54728, 1.52044, 0.00114, 0.01634, 1.03123, 0.67530,477.93146,1496.06561,2953.05847,-1.66103,-0.01783,-0.48325,
29.10000,19981.65617,3817.91463,9266.90250,35.62355,-5.58066,28.54321,729.41497, 0.91364,-0.16544, 1.00573, 0.55092, 1.52279, 0.00096, 0.01635, 1.03184, 0.67555,478.43969,1496.52154,2953.05847,-1.66103,-0.01783,-0.48325,
29.20000,20045.71948,3851.90730,9258.96311,35.70881,-5.62461,28.70000,729.71482, 0.91233,-0.16539, 1.00544, 0.55457, 1.52513, 0.00077, 0.01637, 1.03245, 0.67581,478.95149,1496.98084,2953.05847,-1.66103,-0.01783,-0.48325,
29.30000,20109.71078,3886.08645,9250.96732,35.79387,-5.66863,28.85714,730.01646, 0.91101,-0.16535, 1.00516, 0.55823, 1.52745, 0.00059, 0.01638, 1.03308, 0.67607,479.46686,1497.44352,2953.05847,-1.66103,-0.01783,-0.48325,
29.40000,20173.62941,3920.45240,9242.91499,35.87876,-5.71272,29.01463,730.31989, 0.90969,-0.16530, 1.00489, 0.56190, 1.52975, 0.00040, 0.01640, 1.03370, 0.67633,479.98582,1497.90959,2953.05847,-1.66103,-0.01783,-0.48325,
29.50000,20237.47472,3955.00547,9234.80598,35.96347,-5.75688,29.17247,730.62512, 0.90836,-0.16525, 1.00464, 0.56558, 1.53203, 0.00021, 0.01641, 1.03433, 0.67659,480.50838,1498.37906,2953.05847,-1.66103,-0.01783,-0.48325,
29.60000,20301.24607,3989.74597,9226.64013,36.04799,-5.80111,29.33066,730.93214, 0.90704,-0.16521, 1.00439, 0.56928, 1.53430, 0.00003, 0.01643, 1.03497, 0.67685,481.03453,1498.85194,2953.05847,-1.66103,-0.01783,-0.48325,
29.70000,20364.94280,4024.67421,9218.41730,36.13233,-5.84540,29.48919,731.24095, 0.90571,-0.16517, 1.00415, 0.57298, 1.53655,-0.00016, 0.01644, 1.03562, 0.67712,481.56431,1499.32823,2953.05847,-1.66103,-0.01783,-0.48325,
29.80000,20428.56424,4059.79049,9210.13734,36.21649,-5.88976,29.64808,731.55155, 0.90438,-0.16512, 1.00392, 0.57670, 1.53878,-0.00035, 0.01646, 1.03627, 0.67739,482.09770,1499.80796,2953.05847,-1.66103,-0.01783,-0.48325,
29.90000,20492.10973,4095.09513,9201.80011,36.30047,-5.93418,29.80731,731.86395, 0.90304,-0.16508, 1.00370, 0.58043, 1.54099,-0.00055, 0.01647, 1.03692, 0.67765,482.63473,1500.29114,2953.05847,-1.66103,-0.01783,-0.48325,
30.00000,20555.57861,4130.58842,9193.40547,36.38427,-5.97866,29.96690,732.17813, 0.90171,-0.16504, 1.00349, 0.58416, 1.54319,-0.00074, 0.01649, 1.03758, 0.67792,483.17540,1500.77777,2953.05847,-1.66103,-0.01783,-0.48325,
